1 0.000000
2 1.000000
3 1.000000
4 226837.000000
5 -5.000000
6 1.000000
7 1.000000
8 1.000000
9 0.000000
10 1.000000
11 0.000000
12 1.000000
13 3.000000
14 1.000000
15 0.000000
16 1.000000
17 -2.000000
18 1.000000
19 0.000000
20 0.000000
21 0.000000
22 0.000000
23 0.000000
24 0.000000
25 0.000000
26 61764.000000
27 0.000000
28 208017.000000
29 3.000000
30 2572.000000
31 3.000000
32 44119.000000
33 -2.000000
34 1.000000
35 -2.000000
36 0.000000
37 0.000000
38 1.000000
39 0.000000
40 1.000000
41 0.000000
42 1.000000
43 0.000000
44 41157.000000
45 -5.000000
46 0.000000
47 0.000000
48 0.000000
49 0.000000
50 1.000000
51 0.000000
52 41547.000000
53 -5.000000
54 207105.000000
55 3.000000
56 2572.000000
57 3.000000
58 1.000000
59 1.000000
60 208017.000000
61 3.000000
62 0.000000
63 0.000000
64 0.000000
65 0.000000
66 0.000000
67 0.000000
68 0.000000
69 0.000000
70 41540.000000
71 -5.000000
72 2691.000000
73 1.000000
74 1.000000
75 1.000000
76 41155.000000
77 -5.000000
78 0.000000
79 0.000000
80 0.000000
81 0.000000
82 1.000000
83 0.000000
84 0.000000
85 0.000000
